
615
1 6 5
2 5 6
3 6 4
4 6 6
5 3 5
6 7 2

  0  1  2  3  4  5  6  7  8  9 10 11 12 13 14 15 16 17 18 19 20 21 22 23 24 25 26 27 28 29 30 31 32 33 34 35 36 37 38 39 
0 0 -1 -1 -1 -1 -1 -1 -1 -1 -1 -1 -1 -1 -1 -1 -1 -1 -1 -1 -1 -1 -1 -1 -1 -1 -1 -1 -1 -1 -1 -1 -1 -1 -1 -1 -1 -1 -1 -1 -1 
1 0 -1 -1 -1 -1  6 -1 -1 -1 -1  5 -1 -1 -1 -1  5 -1 -1 -1 -1  5 -1 -1 -1 -1  5 -1 -1 -1 -1  5 -1 -1 -1 -1  5 -1 -1 -1 -1 
2 0 -1 -1 -1 -1  6 -1 -1 -1 -1  5 -1 -1 -1 -1  5 -1 -1 -1 -1  5 -1 -1 -1 -1  5 -1 -1 -1 -1  5 -1 -1 -1 -1  5 -1 -1 -1 -1 
3 0 -1 -1 -1  6  6 -1 -1  5 -1  5 -1  5 -1 11  5 -1 -1 -1 11  5 -1 -1 -1 11  5 -1 -1 -1 11  5 -1 -1 -1 11  5 -1 -1 -1 11 
4 0 -1 -1 -1  6  6 -1 -1  5 -1 12 -1  5 -1 11  5 -1 -1 11 11  5 -1 -1 -1 11  5 -1 -1 -1 11  5 -1 -1 -1 11  5 -1 -1 -1 11 
5 0 -1 -1 -1  6  3 -1 -1  5 -1  9 -1  5 -1 11  5 -1  8 11 11  5 -1  2 -1 14  5 -1  2 -1 11  5 -1  2 -1 14  5 -1  2 -1 11 
6 0 -1  7 -1  6  3 -1 10  5 -1 12 -1  5 -1 12  5 -1 12 11 11  5 -1 12 -1 14  5 -1 12 -1 11  5 -1 12 -1 14  5 -1 12 -1 11 
39
